1197
1285
1407
3537
940
928
1336
1721
65
400
740
791
900
665
1017
618
1013
400
1185
108
138
838
2447
1466
1155
678
1317
2102
431
1289
1042
452
1211
1735
1353
2629
323
467
292
1795
807
3453
4103
1897
1272
2407
2220
232
80
633
512
2175
348
1403
1308
1832
321
1037
2725
1378
1477
1530
727
448
518
1035
547
1183
799
1436
1128
1754
1396
1251
1472
1291
1066
289
2155
1109
897
1531
993
461
3007
652
852
366
518
959
916
1022
753
1189
915
875
230
553
1155
1313
2135
1002
1355
3276
2571
835
1569
870
787
1501
313
247
1356
1885
2388
1318
508
1002
885
1355
366
1014
2058
742
212
1360
802
1358
1532
1554
1330
1071
279
2402
344
320
654
86
69
409
296
1486
761
1598
199
869
966
1084
1693
393
619
766
849
1263
327
390
622
965
3346
1624
1355
564
908
750
725
603
1712
1611
1509
394
481
474
615
774
1072
594
1040
387
425
782
526
1497
1076
1769
1635
408
773
1440
977
113
847
1898
848
774
569
510
279
1576
2653
912
1412
1112
1095
1355
384
553
162
954
399
819
390
1256
364
638
1760
821
205
1160
628
1234
273
147
155
735
733
872
228
1529
73
284
502
703
562
1336
4998
801
894
943
428
907
597
1255
834
2487
676
1118
982
1704
1606
1749
1081
740
1136
266
1271
1000
849
632
431
192
1194
682
817
1489
421
2547
1523
1053
1056
227
111
429
1235
860
424
585
802
628
1076
324
514
1204
460
251
767
534
677
6222
1482
680
294
736
2031
2708
3278
424
909
472
1683
267
271
1795
199
1058
2360
1089
652
339
728
161
936
699
852
422
109
297
495
515
413
218
1378
433
915
751
968
620
1007
1925
1124
1168
598
186
712
928
2694
574
1221
1123
96
1021
189
870
2808
1498
287
789
122
361
974
859
826
1430
781
221
2672
416
397
349
699
834
182
2257
1618
76
327
75
666
171
722
3121
977
1970
169
5729
828
296
177
276
736
219
211
2380
1886
312
1859
1720
1845
55
1348
196
645
406
1538
321
2776
324
282
361
527
406
295
322
742
462
311
186
574
984
1242
614
1247
1013
1538
238
1296
107
510
175
155
959
286
461
1265
509
918
385
3518
1331
1171
620
922
839
1048
373
557
980
320
1355
890
722
308
1178
618
561
1088
1739
577
1394
1621
2887
198
521
516
527
417
507
1757
210
659
112
278
3406
372
186
139
464
1866
96
2762
610
2462
1415
713
1399
1518
77
304
560
1250
2487
1947
1288
682
1322
960
1087
549
1792
661
780
888
295
282
180
1864
216
768
943
98
316
940
236
1171
944
986
790
357
406
2118
355
559
363
204
1468
228
158
264
492
11021
1952
2639
375
660
2092
816
773
764
827
1319
1427
1383
414
794
1521
2402
523
153
445
219
1066
1257
227
1001
542
1670
877
142
215
291
202
1198
3003
728
620
1966
1273
1260
1352
135
249
556
73
574
1382
1689
1020
164
347
631
252
352
124
777
2079
621
626
1540
949
1723
912
689
253
431
622
2731
1147
1007
256
1227
1826
1069
454
547
761
681
437
1879
1242
1837
249
354
139
320
277
206
423
428
517
1635
244
900
504
1163
744
770
408
549
450
1190
339
458
797
2217
1513
346
464
1204
726
749
3119
345
469
246
456
7280
1282
827
149
2731
706
2360
1084
111
1303
308
570
520
856
143
240
903
2914
481
391
1544
1805
1523
1432
1791
1918
433
510
2733
694
843
1564
199
3843
929
171
1452
1082
781
87
1805
228
680
698
42
786
69
462
324
848
574
876
1037
828
277
1125
928
183
677
105
303
1446
1161
113
546
374
596
80
909
406
398
758
998
286
985
550
786
842
1406
1567
987
1083
2286
218
767
2870
1415
876
43
2437
2077
584
358
184
431
182
347
395
422
638
716
147
288
782
883
76
199
1156
124
94
364
1730
1180
3205
211
260
159
988
330
427
321
204
737
782
1557
104
592
1231
1891
248
501
48
962
610
1352
1368
574
147
303
356
317
1919
310
827
1264
89
1737
586
394
1602
541
358
1091
619
1184
269
830
2401
415
1048
1819
246
1287
1036
747
238
1574
741
1602
244
87
928
234
404
921
1007
932
1666
2903
670
953
1893
2859
583
994
328
405
897
44
245
2502
309
1514
444
1031
734
1671
290
674
244
976
629
1135
636
1483
840
1063
415
147
863
1536
1780
1434
1969
504
134
467
578
298
171
538
1016
1182
985
364
716
444
330
791
1374
581
1501
398
109
237
2153
650
1179
1043
753
752
448
1229
1410
104
2657
77
1177
141
123
339
1001
583
379
152
135
802
2933
167
277
1494
564
287
1763
1180
1044
466
753
525
1487
697
122
1226
345
390
139
687
1047
2567
1695
1593
741
441
720
790
1004
1772
167
703
143
92
557
1015
578
1184
2801
362
279
87
547
836
382
986
825
1643
1471
141
958
282
2161
196
1044
335
643
1128
693
440
978
561
288
333
691
408
996
1268
156
1667
279
1037
1564
361
225
132
949
2205
1080
1255
768
234
173
616
494
224
414
254
1327
3230
1975
1815
542
206
92
660
715
932
852
229
527
594
763
788
728
1661
694
640
973
449
1324
929
1182
606
447
593
784
383
139
2538
378
1908
960
1125
276
730
784
861
306
328
2304
3094
470
965
869
4057
491
556
66
993
917
296
196
2156
742
6224
1259
103
1243
871
110
364
215
2371
832
330
647
550
959
1067
540
863
2604
209
189
412
1096
1702
383
1207
77
1239
714
1175
1900
130
625
685
715
320
710
1465
565
702
1944
224
370
1454
237
182
1587
1034
495
417
154
516
167
602
1182
645
111
152
93
842
320
2332
1796
886
103
179
759
419
160
550
188
391
132
676
154
304
545
619
223
345
228
59
124
759
85
596
412
174
1218
212
699
504
420
533
1342
906
987
977
846
1175
92
1519
1313
772
642
853
476
525
569
845
313
1738
359
91
273
743
447
181
621
874
657
1043
220
1071
254
960
1284
799
1206
1060
346
955
425
1297
1444
829
324
1263
406
531
1651
1601
597
688
1076
287
759
1346
702
306
1390
89
488
885
807
541
627
216
831
379
855
924
548
345
671
1044
424
635
619
839
165
882
2144
332
2326
1031
149
682
370
164
584
3085
437
369
1493
1148
470
166
418
1040
1107
446
622
550
767
406
1116
629
1113
458
392
2205
2398
621
543
558
1049
612
691
753
146
999
1367
146
1264
569
826
546
1004
115
1373
1234
790
584
1828
378
89
526
624
401
1303
601
755
1180
1953
134
1206
464
670
383
621
332
508
1683
392
788
197
664
2388
115
139
546
143
501
431
962
274
146
1899
881
1638
1997
297
1368
797
607
300
426
22
549
1307
400
1426
884
1965
2597
5703
213
140
1554
500
594
331
136
1166
837
547
1006
423
1064
1544
1362
578
938
684
491
299
2253
1958
750
243
1306
5133
831
616
266
683
1439
807
1231
1008
3094
782
1308
573
670
696
1280
467
592
899
471
103
776
1314
232
456
945
143
767
629
419
278
589
298
409
159
1419
95
1128
1962
1931
1653
571
357
1523
292
793
864
61
526
216
802
20
200
887
896
616
670
238
103
44
55
253
403
745
402
120
709
1224
101
577
752
345
39
262
1416
1020
277
640
1047
1272
741
320
187
90
603
192
567
235
2112
487
175
196
300
852
163
200
436
610
651
293
307
731
1153
1060
968
986
1051
682
1012
909
843
1097
1062
1308
901
1098
847
250
412
797
3521
1079
675
917
62
1629
868
1027
895
1397
861
1597
1005
1169
1387
776
193
759
959
707
34
533
371
567
85
525
699
515
1228
441
936
448
4971
769
724
543
526
509
340
758
749
479
211
924
665
1984
451
385
1104
247
1382
1401
424
98
1624
139
750
1833
170
703
1015
543
1399
600
883
735
146
88
2981
1869
3586
808
676
505
336
1135
178
362
178
827
613
1151
515
398
284
965
1579
2383
1721
1066
288
7053
96
2516
372
224
148
797
170
146
693
882
652
611
379
374
127
889
20
278
219
551
431
473
876
134
161
807
1116
214
568
46
130
641
429
214
709
300
148
550
185
199
143
106
150
354
490
581
1179
213
1216
130
302
2054
1065
815
837
1074
1294
236
1542
1986
57
189
2537
697
283
698
423
2183
468
665
1998
1717
558
190
491
391
144
114
391
217
1242
349
809
221
690
363
1181
49
253
1059
572
2621
273
743
689
413
240
486
1654
247
2308
1156
380
60
811
847
1088
1186
117
1401
926
226
3506
430
1162
1148
181
1206
626
615
282
132
855
923
655
641
2559
215
42
573
322
1632
414
1338
572
495
509
1067
448
852
1617
1437
874
965
749
787
183
762
1157
431
2609
105
7716
237
185
1281
659
218
1554
371
655
706
184
759
256
712
834
556
676
1022
675
417
235
202
317
276
341
1482
1068
687
1284
141
231
419
272
1363
401
478
743
530
1419
477
692
734
183
666
3581
135
426
90
1007
1549
115
337
217
267
288
558
215
1825
819
493
1162
1669
4146
103
323
147
841
1678
973
715
343
225
678
504
772
543
504
765
1735
560
124
413
941
1004
554
208
269
755
584
173
56
1645
324
251
203
1432
730
190
937
285
536
159
267
384
213
1392
550
1414
1930
1343
1037
480
1159
1440
539
214
538
453
307
504
663
259
4866
771
226
982
153
124
674
259
141
520
609
1224
222
931
953
371
654
207
533
427
347
294
1671
69
3195
122
387
2994
757
675
743
1131
2155
1863
106
288
685
126
75
649
80
235
899
24
120
789
333
867
279
939
596
2196
319
415
717
747
1279
892
598
237
710
194
526
446
685
1566
647
546
434
976
207
75
570
257
734
1493
778
505
660
265
1499
362
518
1460
959
213
1016
1988
2820
113
1162
6239
57
559
1086
1238
484
370
848
1015
1182
1448
279
1214
419
316
189
205
1790
1579
308
2501
252
499
1082
446
66
138
2576
2129
634
225
1457
141
396
808
537
488
409
264
456
723
1239
143
437
1227
458
3958
677
653
753
890
212
604
221
1379
465
1065
682
253
303
1108
543
110
210
296
225
300
161
565
541
317
1749
409
241
307
154
621
1142
466
379
60
739
628
2597
2290
224
261
145
132
1485
238
432
1288
106
127
156
933
462
659
204
812
2684
258
225
145
283
121
386
82
1490
1059
251
1051
191
276
2037
3774
733
2651
213
459
3176
920
3031
674
574
258
158
141
161
293
4
141
413
1020
858
412
72
230
961
208
393
461
571
174
1577
554
831
156
829
502
227
472
455
391
923
478
1541
670
87
32
1455
533
413
120
808
1791
368
300
1760
903
639
354
235
304
643
553
2091
1049
76
849
1216
826
81
139
148
210
463
448
497
350
546
153
434
947
1285
580
910
512
264
402
510
1190
557
469
668
373
218
1079
2689
30
240
1623
1224
152
262
377
640
339
2829
360
1939
214
533
635
376
110
319
1014
2222
391
591
367
2301
490
532
536
1315
802
708
391
476
126
381
1040
319
412
701
243
80
810
201
425
1037
1392
1066
922
1090
660
155
614
626
725
68
148
392
2183
423
580
344
1068
1270
341
711
906
2406
631
248
1214
1272
130
481
115
1307
122
452
915
493
1674
1065
163
1428
751
901
453
791
1914
525
2045
48
974
927
179
608
1285
164
898
1179
1090
615
898
96
180
102
344
362
491
893
999
447
428
1097
101
889
1514
252
54
133
111
710
397
475
1707
1574
989
274
125
1083
105
1182
1047
1144
197
1005
585
974
318
647
362
623
1348
479
201
3928
157
316
210
661
775
1272
684
611
410
1440
425
1573
401
425
1225
183
351
188
850
36
512
939
1627
456
249
850
208
67
16
684
538
391
247
279
484
2498
1190
92
67
911
742
926
401
903
2139
128
370
66
393
119
289
332
251
350
463
323
402
362
248
135
102
198
429
617
525
173
95
1539
44
93
194
608
836
295
672
312
789
2687
479
726
91
1162
636
537
588
336
141
338
273
1132
201
1811
196
373
1321
173
255
1930
164
140
800
132
3047
130
691
719
694
1586
1027
142
599
134
65
143
1308
433
127
1320
96
488
1072
1352
169
303
679
512
649
1015
892
320
1396
1829
1383
774
826
656
419
1710
313
2782
87
1287
434
453
525
1042
949
1580
464
316
371
89
161
347
1255
1241
584
517
2462
1160
339
169
185
1185
552
1532
134
1811
196
1146
550
568
884
1070
596
825
398
222
716
1071
136
484
393
464
797
765
369
834
734
850
327
72
27
955
527
181
502
337
1093
412
245
840
1255
182
156
404
792
1613
728
1443
606
1211
1717
136
218
459
120
196
986
256
390
1760
148
160
1870
4374
448
489
487
576
848
164
1175
368
126
117
610
375
269
609
268
1339
1859
226
298
1251
241
188
453
71
159
287
422
200
61
781
871
99
213
123
671
950
467
1634
303
356
893
705
1253
371
1354
604
41
45
1788
585
195
230
101
153
441
292
691
1265
1943
640
418
235
545
989
434
1035
564
218
219
491
2018
269
410
723
545
114
339
95
164
322
371
788
758
822
1334
560
467
45
1097
539
570
937
251
423
301
1122
683
701
205
420
343
99
635
1388
174
551
104
143
684
150
900
133
148
578
568
1972
929
176
994
507
886
395
1152
367
493
336
195
471
385
2444
87
3347
318
324
365
2330
650
381
170
526
407
318
174
157
95
285
175
338
397
1829
395
1841
834
189
1371
3203
238
418
662
471
370
557
716
1674
394
363
319
426
2085
519
196
446
164
623
466
545
368
2123
688
998
224
78
377
219
140
1158
72
400
603
487
353
181
482
141
241
4037
561
40
726
1393
142
1811
211
104
80
529
376
463
70
468
90
1092
253
1021
280
1124
167
498
124
106
90
930
649
631
1363
618
886
411
575
1042
484
274
413
1400
138
325
862
582
580
867
1506
514
1681
455
112
152
616
156
430
414
1193
1422
140
345
606
407
812
289
193
449
921
673
1082
381
1323
137
289
187
1262
463
75
1799
113
1567
642
519
314
1485
46
123
176
624
2271
578
1254
610
366
452
220
380
740
488
1708
661
583
1646
169
115
256
1055
368
791
748
662
556
721
1367
408
143
419
249
944
134
468
205
685
3949
1255
1147
99
309
1021
811
256
373
335
1065
434
509
175
493
330
790
1482
1604
291
914
479
643
1428
438
82
89
860
134
807
516
103
64
1369
110
115
6368
124
258
125
252
563
908
297
692
255
639
82
989
767
152
733
947
645
490
466
295
481
512
748
208
299
128
1145
643
628
639
221
206
152
124
238
231
425
570
637
54
300
99
1035
515
303
336
291
431
422
656
492
88
152
471
1087
1220
652
188
1051
1748
70
557
1657
1494
1072
35
2500
761
490
687
576
816
1004
371
493
328
405
800
3824
203
1737
110
1034
833
293
800
186
328
135
78
950
676
759
77
294
334
1034
1054
186
631
608
177
999
223
263
981
627
575
316
928
293
547
39
357
204
719
1006
759
1207
404
1328
121
492
1279
1188
301
1780
421
386
587
68
247
107
70
103
1213
761
461
375
93
145
136
1704
2328
413
186
632
20
659
784
960
1038
95
789
3182
999
1404
118
367
409
991
786
201
2451
2393
1766
407
198
584
480
292
116
116
549
243
152
1888
606
171
139
2597
541
100
87
1757
780
423
930
532
485
205
2294
299
184
140
86
229
1193
113
624
619
267
763
555
569
220
828
107
1836
614
794
432
644
100
487
414
204
757
506
204
553
1165
537
279
22
1335
267
348
39
376
854
110
936
221
211
1213
305
1193
679
961
1282
571
373
161
926
78
32
327
475
987
484
303
856
73
268
816
890
472
52
52
235
716
4807
130
1366
941
153
164
1263
362
1279
221
277
906
233
926
739
853
856
212
179
177
1513
337
1209
233
1484
452
548
764
364
453
653
303
164
157
173
396
172
287
1545
313
218
286
879
1396
798
675
144
1327
534
1116
2325
186
48
80
524
413
90
326
596
2007
478
268
497
563
507
568
2174
1062
364
474
156
320
230
559
601
832
160
1587
70
1101
213
857
855
3937
429
158
133
258
435
1001
1029
984
1648
302
164
609
1346
149
83
974
521
846
116
176
908
183
137
220
351
1510
533
220
1077
465
497
275
937
228
273
264
1709
247
56
75
67
23
36
30
107
35
52
299
41
153
225
65
216
410
73
364
396
283
27
22
233
39
184
31
35
71
96
573
224
692
287
207
555
459
470
2290
1537
435
764
989
467
82
251
614
676
118
350
382
592
113
231
102
1770
539
1178
63
1750
184
191
327
152
389
486
138
437
397
192
640
114
171
104
448
1554
1036
394
714
104
260
773
147
1135
3896
787
89
271
630
92
286
108
1822
1706
269
248
997
257
200
173
282
210
283
106
182
389
692
265
243
325
548
139
1130
153
375
930
3560
49
744
296
2786
434
509
1074
458
1119
580
585
1012
46
1268
275
346
259
112
654
366
205
1692
712
341
598
624
141
169
156
305
350
199
1907
399
191
263
111
3048
365
1079
277
84
928
253
75
142
1023
298
718
167
602
123
2272
138
527
378
760
216
141
157
1539
2350
159
340
147
948
1014
606
140
165
156
1402
2166
944
385
330
546
139
923
444
972
665
621
347
202
359
938
175
1235
268
1645
129
461
109
189
800
1018
894
248
66
921
222
572
2437
2616
794
393
921
1099
146
188
2027
827
558
1573
418
599
530
347
566
102
716
1214
2511
288
1343
1266
515
1182
354
1052
16
425
260
1537
547
224
2474
84
82
1267
287
141
51
377
1577
882
2167
960
1305
108
153
1051
96
749
121
1442
99
195
371
70
437
1190
122
211
213
53
56
304
1213
765
164
401
500
773
183
98
134
811
960
73
601
259
318
344
244
830
183
839
560
932
118
1051
761
60
134
765
416
751
192
313
461
341
668
738
357
726
99
1606
1711
211
60
50
79
243
122
1517
156
176
90
62
536
1032
1417
339
2083
81
33
211
527
291
70
187
267
567
95
745
594
118
749
1949
744
627
201
826
332
1223
1816
681
824
296
447
203
555
89
805
806
230
1302
182
187
134
943
264
176
226
906
137
261
146
148
339
151
128
158
199
1401
2387
253
157
207
5191
1657
152
1156
856
602
500
1085
470
149
805
1151
926
800
452
833
100
96
304
213
347
569
90
707
109
1809
365
401
444
481
196
163
788
1053
713
426
1985
594
199
248
1033
180
950
508
724
395
610
596
183
622
390
2477
1228
310
307
80
115
223
418
1358
742
266
183
316
430
368
493
1027
1097
350
1050
829
971
351
650
172
380
334
779
148
284
563
108
682
44
1441
594
359
866
628
1312
2439
1833
209
909
1257
1377
1173
960
183
41
1777
253
1282
387
223
219
357
2189
597
127
725
635
148
111
173
239
393
462
301
131
159
203
3267
206
147
618
133
194
109
127
714
731
633
726
170
534
51
168
44
1026
243
71
666
193
895
262
268
211
344
56
1810
867
54
721
117
188
356
459
543
167
396
485
322
408
155
230
1030
750
1397
933
1106
96
662
708
1259
207
202
100
468
1203
555
87
104
169
1385
930
292
766
545
422
564
1447
940
349
691
594
1691
506
1110
541
1661
257
331
533
478
222
395
897
1751
807
668
294
816
764
832
572
918
144
708
367
75
98
218
1563
1101
484
801
725
140
190
610
111
1188
621
459
850
578
1134
149
77
74
171
291
738
139
805
1242
95
147
71
4
884
255
254
1484
116
584
329
430
454
297
492
289
673
109
160
939
493
299
98
253
41
97
938
378
57
1883
1078
312
43
27
74
197
57
179
601
1030
556
364
321
207
153
156
112
202
229
146
85
94
393
334
919
507
390
1803
556
670
202
222
88
74
314
1984
882
182
209
239
380
218
717
132
320
263
154
600
149
1210
148
1246
541
147
737
1202
456
317
671
873
865
68
96
362
652
333
380
317
459
1218
291
92
2307
354
2356
171
529
225
1871
909
91
547
957
623
314
136
1090
122
419
256
119
419
114
103
1517
205
997
311
360
71
323
422
489
571
690
251
1138
1159
859
1104
389
570
349
1518
109
752
303
77
134
759
443
129
300
54
36
170
777
230
708
869
1380
517
784
176
592
982
700
1089
359
12
602
1089
251
376
702
1093
968
106
125
556
632
1413
575
1684
1116
1452
1509
807
603
1510
555
1025
899
426
237
332
1060
334
281
99
424
152
868
1307
1453
263
657
926
3424
149
58
283
1114
259
137
480
337
44
108
305
649
969
526
1303
405
223
986
214
470
393
528
90
93
373
272
520
239
1044
47
222
445
375
288
1214
1394
52
87
27
139
312
1122
183
298
457
264
450
487
1930
174
1142
58
593
642
395
1492
429
1477
172
152
248
663
1433
453
1755
357
130
89
755
135
1396
1848
124
4188
202
610
580
1587
615
135
194
766
547
262
1098
179
55
772
449
287
429
656
95
219
274
312
304
1088
152
272
64
152
249
460
1043
363
1897
837
612
348
988
313
343
731
80
107
839
144
94
176
918
1031
896
1852
151
552
93
178
199
151
148
430
3154
152
474
595
92
63
951
69
376
84
900
891
272
470
232
903
1011
126
1802
219
62
639
1524
939
788
111
1172
931
160
1310
408
344
340
583
96
327
591
1145
1092
491
787
118
54
657
52
43
221
155
53
60
811
81
534
208
810
789
135
165
403
842
366
126
718
895
402
94
420
553
1088
14
272
321
1619
544
376
1753
62
224
931
431
1966
338
1852
388
705
331
942
1796
242
43
331
458
101
616
132
44
309
835
134
163
240
170
403
1086
1298
746
136
404
718
203
208
165
219
196
1413
997
761
2101
560
204
7005
325
985
935
738
681
665
644
518
557
590
520
435
728
103
355
220
1554
1153
1874
84
90
221
207
1258
778
894
510
99
361
132
409
855
1088
1632
1838
1808
224
440
2463
384
734
1439
691
2334
196
80
391
715
1347
219
827
402
532
586
362
542
769
1198
145
489
1552
54
61
43
2077
1056
470
1316
2431
239
177
641
116
630
1358
121
81
451
458
162
308
230
740
275
416
1236
187
307
468
1554
348
1137
301
712
643
130
222
259
536
1085
987
552
1252
307
328
464
191
508
311
4071
182
1086
1037
46
1285
415
365
876
658
248
65
240
241
740
1783
962
292
413
261
168
3604
1015
445
146
271
232
1363
147
380
245
562
700
528
722
225
96
159
959
665
261
133
1021
106
38
1705
1053
1472
614
873
369
92
1047
188
536
1384
274
987
589
204
95
491
645
570
91
247
230
266
123
226
302
277
270
78
603
623
609
1353
1505
513
85
1049
228
470
1014
2057
147
164
1103
192
211
128
460
270
429
571
716
1640
291
137
636
1735
1714
196
1464
1085
657
534
883
362
69
307
1368
223
1087
691
645
700
482
587
245
169
214
167
856
648
280
663
201
601
126
602
1275
580
491
1669
205
160
391
344
258
468
153
220
277
1600
642
340
489
265
1698
351
387
2162
1022
282
1463
269
1067
161
652
410
362
146
1115
762
260
1070
139
73
632
376
286
208
703
274
56
250
207
262
110
53
593
23
29
1827
191
169
181
853
174
47
904
115
414
1328
3084
305
409
25
274
481
1131
95
313
947
489
382
95
472
1604
116
940
82
1635
1734
1481
363
1126
143
163
164
77
332
1160
59
80
80
44
247
172
329
426
2696
1023
1327
181
166
217
347
87
794
172
72
269
237
94
99
658
293
121
184
305
1877
1076
142
1328
515
1418
173
275
197
367
614
571
366
303
247
81
168
200
220
404
197
1593
1271
1081
1556
1437
2153
1056
707
94
97
933
569
113
641
301
425
452
544
289
218
352
131
943
57
194
609
456
70
72
135
167
127
143
149
107
110
113
93
197
93
1185
370
117
323
896
398
516
221
811
785
161
249
676
611
327
194
326
593
146
153
102
252
444
1215
674
501
126
207
245
94
327
82
101
295
120
213
366
171
357
294
243
246
116
164
204
238
105
149
125
78
291
205
161
199
154
213
198
170
157
143
778
642
422
725
33
609
721
574
94
421
73
46
107
98
271
889
313
939
331
746
839
125
83
190
58
187
332
106
67
1222
574
121
449
134
109
1316
169
346
92
122
109
136
509
481
461
235
195
60
61
262
602
23
508
132
801
478
150
423
133
1266
3302
138
836
1017
161
46
63
84
147
1434
353
789
398
1250
305
351
715
1783
265
357
418
265
63
1516
851
6509
264
303
607
56
63
479
182
973
274
80
193
580
186
98
747
122
852
474
71
443
115
216
187
102
422
1619
82
100
243
1030
843
123
98
753
1458
1708
347
555
103
394
674
461
304
105
113
46
726
892
579
672
106
193
465
21
72
693
399
1992
163
1711
184
593
122
88
212
79
253
294
135
125
152
194
169
440
363
205
707
1216
279
846
1160
510
478
234
496
804
538
96
803
192
283
1274
508
191
321
336
235
295
1916
179
113
332
178
494
87
256
308
604
156
261
45
294
451
689
154
246
156
907
228
392
604
1386
560
280
472
486
77
106
351
584
93
3098
405
284
192
1091
955
1186
145
84
362
1066
1340
1234
859
191
302
235
114
154
254
491
906
227
667
254
161
196
164
834
491
208
140
233
1547
1697
475
245
2539
1260
116
232
306
1118
40
923
824
152
36
218
313
211
232
453
321
1353
2883
228
443
230
151
282
143
299
1432
66
57
69
539
995
681
187
229
6034
501
285
1207
2017
243
718
2955
901
945
122
107
163
401
111
159
125
1970
115
254
128
118
112
124
95
255
451
344
274
1101
187
254
416
151
149
203
142
122
148
238
412
139
128
219
160
140
160
166
154
1148
200
272
555
553
461
196
409
1078
164
744
722
115
921
467
239
124
2220
201
1340
167
274
62
2505
5874
56
465
543
2204
250
118
445
972
2880
135
586
793
521
1207
1014
833
263
157
1047
1103
383
107
138
130
602
425
119
48
71
39
458
222
741
1002
431
538
942
189
725
560
283
84
363
598
1098
440
3839
109
79
227
1028
836
669
97
343
650
570
842
2253
774
115
853
39
78
54
275
234
148
179
636
650
333
1502
391
469
630
139
928
449
2144
246
346
2020
413
1062
355
471
8
228
921
369
325
619
65
41
166
114
383
63
135
38
85
286
78
278
782
423
731
527
60
294
2966
1491
179
2158
197
73
1017
326
73
1004
551
371
302
226
91
216
85
128
268
128
281
249
213
310
574
493
724
97
1440
614
1229
1440
3261
857
212
93
664
70
168
1205
585
593
158
190
918
307
2984
347
522
132
87
336
271
1232
130
461
1199
104
129
358
325
457
389
252
628
380
517
141
1011
188
230
127
963
739
580
134
484
497
882
696
611
1081
766
1528
1428
445
509
683
78
342
141
1182
483
4045
106
77
173
176
286
1270
1054
976
649
340
229
555
490
396
241
539
226
277
354
213
118
1119
184
51
788
759
108
414
451
1082
476
173
156
509
346
677
408
378
607
137
414
196
281
466
956
1224
566
383
1336
205
1325
124
116
885
86
86
102
548
117
705
209
677
134
27
67
167
171
607
84
106
1130
200
275
1028
234
568
137
170
214
753
978
288
203
259
243
179
396
938
369
66
338
580
253
722
1236
531
695
751
343
249
692
68
31
1591
427
260
61
1371
853
78
44
449
34
294
1986
581
409
173
574
1543
1855
1861
177
221
158
162
306
1490
323
150
394
702
3633
413
668
170
337
1153
873
1820
30
1252
706
191
169
316
234
579
176
284
670
309
632
765
259
159
276
426
873
480
888
112
230
445
493
65
145
639
92
217
273
260
510
634
435
564
191
540
371
277
272
356
365
167
397
575
2412
354
247
293
474
290
370
114
151
76
182
512
278
1420
327
56
1982
95
277
546
4
328
669
153
1658
883
579
3026
247
209
525
672
257
216
769
217
407
170
994
1438
1244
81
203
655
488
64
1851
869
218
261
467
56
143
492
637
235
254
511
507
1057
345
238
40
165
131
49
177
61
115
337
476
510
132
847
127
141
396
1367
821
268
51
168
756
22
144
565
167
743
41
110
180
306
1342
155
716
52
98
167
229
639
42
1500
283
63
889
1432
627
802
550
36
767
172
639
131
580
296
403
390
4
259
321
302
182
1393
346
1658
551
415
1152
2545
318
27
83
729
100
1383
35
130
567
982
208
382
889
2236
329
915
139
114
35
53
201
82
339
31
395
96
253
1418
62
95
744
102
329
138
827
312
139
141
1852
890
98
124
413
2010
120
364
759
477
102
191
92
199
1594
1121
50
273
1564
1577
182
218
200
217
179
153
110
70
359
48
190
135
58
150
260
352
339
177
117
2538
220
303
2671
37
544
945
1819
1097
274
1996
86
754
85
41
143
3449
151
293
88
326
534
996
358
117
596
93
306
358
827
447
70
614
57
301
558
183
229
1530
460
408
430
338
397
3157
224
1316
716
2216
522
331
606
592
589
92
203
174
263
177
156
54
224
126
849
724
588
347
588
408
320
562
215
1025
1643
365
306
1206
218
72
129
151
704
298
458
518
124
149
122
144
450
141
236
426
369
86
45
125
4
165
740
129
427
3613
62
651
829
1090
735
1008
414
948
2625
352
232
1960
708
155
615
131
1323
532
1456
727
1228
89
221
32
138
326
267
683
325
2038
215
424
1276
178
135
250
150
256
327
75
533
625
655
1072
1596
805
1204
834
2923
450
529
541
152
255
1461
492
231
3190
443
170
168
321
792
96
126
355
131
91
124
107
131
105
152
96
113
123
86
849
84
325
124
172
91
29
167
444
105
2
205
417
552
85
208
714
717
1165
311
733
216
22
381
858
547
366
368
469
659
372
380
677
963
228
142
725
55
373
571
456
992
65
43
1771
642
418
285
46
376
189
271
768
159
84
165
225
100
124
657
1415
197
116
124
98
1303
62
705
837
223
342
544
745
215
950
482
25
28
555
318
68
1023
148
91
140
297
97
387
141
334
985
538
250
1148
310
631
180
340
355
359
251
461
263
189
305
534
273
569
297
383
187
61
504
686
66
756
260
1205
1854
77
75
505
72
1471
257
774
724
40
496
299
622
356
221
69
964
139
116
84
119
149
177
100
1287
409
486
355
315
330
379
114
258
1082
360
456
37
1421
502
411
229
237
125
146
122
2554
641
132
1289
186
531
249
670
94
63
503
109
194
704
1124
411
251
822
1303
686
465
2708
138
221
224
109
66
62
1369
380
736
61
211
534
1121
483
150
103
1041
173
136
759
684
74
220
1146
44
808
768
746
302
313
20
168
129
156
98
1364
114
449
335
442
310
247
145
240
65
68
755
160
415
898
235
664
384
447
118
241
794
721
601
47
225
286
244
179
334
744
198
441
208
184
441
222
208
219
256
681
631
1020
390
424
300
761
825
712
1059
131
169
367
129
619
484
205
589
401
128
468
480
191
794
219
252
90
922
47
817
498
323
854
454
157
981
277
109
358
313
161
142
237
69
203
764
1157
138
585
547
108
652
819
803
899
318
873
375
302
1718
768
133
96
39
219
715
78
86
187
62
197
515
325
94
103
41
440
2565
90
837
1528
198
1036
308
289
1591
138
159
53
178
260
675
993
81
100
157
100
142
148
695
66
460
105
386
304
916
658
2448
273
894
3837
506
89
4
167
77
262
270
641
826
1321
896
53
619
496
1615
348
635
171
772
1666
98
69
114
54
223
502
35
369
93
96
558
981
1399
326
153
62
57
55
60
57
52
48
44
54
57
68
83
190
773
811
2632
280
194
385
182
65
137
137
926
278
19
5082
31
93
31
128
304
138
75
523
188
103
11
52
48
177
76
30
49
79
1309
107
1409
67
51
4774
143
25
35
4387
633
1561
71
672
1942
67
365
995
29
538
391
1914
492
795
49
882
555
124
238
531
602
315
274
1934
1165
1604
391
1997
226
2158
198
677
1417
1433
1259
1362
1288
1108
158
18
963
424
794
1547
126
13
101
152
17
80
16
1047
497
177
319
101
127
488
100
151
374
87
122
138
121
236
152
72
199
148
798
163
1147
93
1167
1292
1058
151
245
81
367
1016
746
45
36
62
1019
1259
147
59
995
211
481
1438
79
68
267
70
3747
34
427
2422
63
2226
610
867
314
1568
1045
1239
2481
2433
1732
79
120
303
34
25
71
187
110
861
50
1849
109
35
46
36
2950
46
66
127
39
45
260
414
29
93
285
63
2058
797
1196
1540
751
723
471
205
1416
419
577
22
913
17
550
1143
538
91
73
94
101
32
101
291
188
160
205
561
64
90
20
104
59
161
612
241
631
503
550
350
292
245
174
80
1082
515
372
647
889
683
801
445
340
822
205
344
1467
47
248
4
171
340
228
83
98
996
4
712
176
225
4
330
123
200
1497
893
1603
92
149
119
490
989
121
353
462
391
412
449
325
281
346
363
352
337
333
334
406
180
342
312
68
244
123
1427
108
197
1435
181
1359
382
1132
44
516
48
61
89
1230
1566
286
391
376
183
38
332
200
1234
403
157
572
1036
135
247
58
132
75
837
301
95
328
280
297
226
1143
149
758
307
304
80
468
361
526
1110
179
233
736
894
125
445
354
244
353
167
47
1004
272
160
171
382
456
505
45
345
126
92
300
286
560
221
1402
584
380
106
534
1072
2439
203
1046
434
116
1402
434
438
844
984
1177
548
132
164
151
395
264
757
80
1023
316
243
331
15
617
135
170
476
1263
493
522
477
425
392
465
316
337
789
561
534
1092
573
276
395
456
238
225
695
117
546
1172
428
380
1175
911
1000
63
1055
257
135
79
298
2368
269
176
662
1192
1052
1539
115
105
320
679
849
851
119
1980
589
183
269
265
89
502
258
511
285
1089
127
934
658
775
1182
1336
186
97
227
593
854
908
577
1129
37
1073
1498
317
197
1137
703
141
80
233
102
504
695
2349
361
365
1316
229
2193
425
528
366
629
1284
754
1499
115
1135
588
526
132
28
106
496
2145
617
320
142
286
310
658
401
223
125
233
520
262
65
750
800
165
339
503
737
783
2056
672
568
552
51
642
560
204
552
745
641
1287
153
650
603
526
884
77
439
127
4051
3491
440
552
1993
829
333
1248
473
159
458
739
441
326
445
134
99
871
102
991
242
128
152
287
233
264
343
315
462
383
377
468
215
79
1399
1153
878
632
122
266
180
492
994
87
308
365
489
210
335
176
1022
1210
742
928
1635
620
527
151
83
456
625
62
541
1069
447
217
62
57
442
732
134
159
6053
531
153
166
605
801
364
213
192
557
984
852
87
357
1061
268
129
322
1591
699
623
1055
508
218
86
280
918
232
1002
140
274
624
161
168
598
216
133
98
251
265
61
1584
909
315
85
613
598
251
283
828
782
1107
1117
584
631
141
135
98
332
203
853
188
188
169
271
332
1225
118
514
85
846
104
153
563
250
1638
65
92
458
6491
1127
144
63
68
153
262
27
261
565
592
301
663
827
63
140
413
105
470
73
921
18
132
378
138
716
860
318
312
111
1133
84
23
265
290
281
519
193
302
144
857
311
433
113
757
381
700
1032
472
644
2532
272
2075
49
166
635
107
1040
689
983
794
1368
1806
196
811
727
329
369
99
409
125
334
161
332
94
651
2143
339
131
2629
436
112
391
174
186
560
462
177
378
176
1005
1793
159
1291
1243
459
499
2997
68
313
2046
1277
245
362
511
1326
184
278
96
500
77
865
665
570
120
1125
713
120
390
359
116
199
178
98
245
84
1069
563
824
1690
285
312
187
667
1012
337
804
382
1536
807
364
631
693
974
153
324
172
908
486
1232
225
133
130
234
440
108
900
307
69
1865
397
62
579
901
408
461
187
2046
1292
584
1594
1469
278
378
174
792
278
162
212
482
353
169
2055
571
231
120
825
419
1348
261
1330
586
900
1735
517
1573
68
423
359
180
534
2258
840
1647
46
1358
288
746
117
325
222
73
1716
180
810
736
980
112
64
1112
512
40
1133
248
423
282
586
1583
249
882
766
1215
155
68
134
208
372
857
35
27
36
25
59
1076
37
99
65
67
62
31
32
42
32
20
82
23
286
486
46
274
231
189
1004
76
24
133
700
624
222
475
41
153
309
335
885
282
209
224
309
905
226
489
1018
194
612
261
1011
1658
496
480
481
276
62
78
73
84
68
80
26
28
245
215
1949
2120
60
286
413
355
1229
351
1466
179
1177
127
1545
258
1556
1472
1120
985
1581
1989
1741
2440
1463
135
189
164
230
493
333
178
1360
493
1147
414
661
41
114
38
23
44
141
28
28
186
220
452
140
977
649
25
324
885
430
1151
38
206
68
107
727
404
1051
1534
1202
2130
569
191
203
2116
459
248
1183
359
417
1060
42
493
96
413
1517
324
700
323
278
446
320
262
1203
101
344
191
1208
582
726
718
2402
412
268
193
651
394
160
624
469
193
49
273
525
143
1463
296
1116
1586
79
1060
88
2516
216
36
72
620
992
302
213
572
2308
1610
129
1353
286
434
148
136
100
58
90
697
394
393
390
459
686
208
1854
339
310
191
845
923
268
1364
827
282
217
79
1017
1119
150
310
911
127
145
916
1054
187
1002
893
1193
556
1213
1457
1808
1430
538
162
1631
431
123
66
249
663
225
247
1028
83
493
122
428
288
704
93
993
274
81
92
672
160
632
94
1395
827
913
306
312
283
646
200
187
3243
511
1471
350
144
198
305
118
906
1967
364
445
934
1103
33
108
121
222
99
119
2727
1337
164
473
287
621
1376
82
132
78
89
27
63
137
70
955
39
85
140
110
28
73
50
332
48
542
722
359
1099
91
58
147
757
780
66
97
1311
215
1533
403
640
253
303
637
56
324
208
199
527
194
342
655
1520
469
29
425
2139
329
183
809
1070
308
203
73
84
428
567
76
744
498
556
127
227
241
882
1097
398
562
1775
88
2993
39
107
371
325
572
250
666
503
734
517
664
679
799
767
85
853
1095
71
188
1920
237
147
189
1920
344
378
1697
924
652
1633
418
191
475
279
601
944
697
566
293
923
389
448
3876
565
298
598
226
185
206
1001
1107
75
4913
353
452
292
221
2065
126
167
672
724
2099
870
1768
65
842
1287
955
336
1219
317
376
456
1823
258
217
172
160
677
53
133
962
512
164
227
1846
427
191
394
218
1120
496
139
27
558
51
1391
498
456
248
113
419
730
1605
282
277
934
1137
59
435
190
76
1229
894
1003
224
218
299
281
1016
3135
951
79
1450
148
1284
535
108
563
180
338
87
15
575
168
476
603
90
1328
318
1744
190
1392
2018
839
175
152
666
295
641
780
242
1453
1893
1082
469
1068
300
160
361
379
600
167
207
53
554
667
281
862
185
98
651
284
641
2033
2685
73
237
257
263
1218
1274
836
847
1300
274
191
196
780
484
333
1452
176
448
774
492
1189
923
288
227
73
217
208
88
191
393
370
991
1573
448
300
108
179
128
607
315
4064
196
494
139
215
780
749
2605
610
1344
1589
231
117
160
321
208
84
349
235
360
362
1264
1232
223
1313
491
544
560
1247
368
470
251
820
212
107
139
36
276
377
246
197
560
175
379
268
748
1072
76
505
541
167
1056
166
1083
78
347
249
393
668
377
78
471
301
155
691
583
2662
99
563
185
792
643
202
1209
184
511
294
305
72
223
318
837
767
148
229
705
420
119
848
57
992
279
136
105
2400
779
524
63
112
163
92
115
173
139
179
233
168
831
142
122
495
944
1717
182
484
999
389
449
646
204
364
98
660
341
558
432
1085
168
195
203
627
122
2320
1565
575
1387
258
1108
1353
1212
1146
185
3079
1318
31
59
704
82
120
130
102
179
322
340
343
143
471
172
97
531
82
59
680
194
381
322
61
663
1221
88
27
563
428
118
145
344
2251
93
277
302
515
2344
940
604
786
159
358
920
292
1641
121
732
1211
450
438
1364
252
208
315
155
284
123
202
212
171
41
925
1092
2605
129
76
134
70
594
817
297
702
130
100
213
100
174
421
165
160
733
2024
1555
308
1200
329
62
152
464
76
683
977
1234
171
221
982
1266
1865
683
129
556
1039
1036
259
390
196
244
251
1174
535
1296
2200
787
383
381
253
407
282
237
157
134
143
171
372
211
132
218
138
187
221
240
162
182
265
155
214
190
142
300
239
308
261
154
158
131
207
672
225
211
229
223
396
208
518
185
316
214
63
146
814
648
294
1118
219
590
136
81
257
197
234
229
369
32
163
266
99
633
670
129
144
216
65
344
970
1271
951
1839
300
840
187
615
321
78
1664
91
840
77
1392
201
1402
157
572
65
207
2076
132
1193
621
100
141
93
268
132
350
172
876
2201
412
555
872
554
651
700
181
1183
159
276
37
196
322
148
175
65
1214
1273
136
282
152
1226
188
1410
1082
120
347
208
398
29
1900
294
167
324
154
32
1637
520
583
160
1349
352
715
399
140
196
50
204
484
87
37
56
2143
213
1015
695
3219
326
63
223
558
95
113
402
413
188
282
175
146
422
1329
424
162
1044
708
120
149
95
286
1387
453
85
66
307
442
57
72
256
133
160
575
56
201
146
902
761
305
494
106
108
153
114
1824
320
448
1607
548
1112
86
209
250
178
729
389
38
62
56
711
166
250
382
579
3108
819
73
627
817
186
160
1589
232
386
1342
198
60
103
38
2303
142
1183
272
848
187
97
192
432
324
473
870
1007
391
405
116
1017
97
738
870
631
265
873
2842
4557
2043
145
509
239
461
2476
128
523
178
1247
855
891
396
220
468
1112
269
205
182
256
480
305
203
149
241
1284
560
126
255
549
1369
1439
270
287
258
152
347
157
544
123
130
695
162
672
1901
79
3299
159
290
2671
271
256
140
663
118
130
78
756
90
542
751
26
3
149
422
334
81
1006
972
387
246
757
643
194
324
1257
151
347
65
220
440
251
78
197
1344
368
1915
454
400
99
820
404
235
470
176
861
736
694
367
177
121
137
234
676
444
1385
955
1152
2003
2732
3242
1620
2004
957
455
130
780
576
326
651
37
212
298
355
56
1053
144
139
656
144
1648
1028
615
835
575
884
777
321
1117
761
893
247
883
968
1118
702
691
1598
594
133
691
301
354
1875
1397
1532
435
69
281
521
381
231
142
654
367
639
454
92
366
22
708
1454
1952
913
71
1054
719
151
328
2611
955
2814
284
235
2166
297
60
148
101
78
269
480
1256
741
696
82
512
327
228
193
379
4126
399
356
286
1179
420
94
161
163
969
1358
755
174
165
232
110
83
138
126
208
140
138
157
573
306
58
110
92
161
166
378
1278
54
566
174
162
475
1265
105
1061
760
2338
448
132
78
187
381
96
135
1513
173
391
266
222
240
396
549
987
208
168
625
61
694
318
523
105
90
97
116
809
137
716
1448
192
63
5701
1621
177
113
567
327
400
378
1610
1558
286
593
157
895
739
1175
974
295
396
2029
1014
276
495
314
454
521
930
294
125
348
278
5293
602
652
178
39
83
180
544
185
49
538
1272
138
88
111
170
222
581
546
162
378
361
832
1774
710
221
717
272
328
44
236
12
34
197
133
119
187
67
441
57
112
516
86
156
1087
2399
1606
1363
550
65
312
336
637
16
492
891
50
224
150
95
53
259
1518
451
169
353
405
213
154
172
294
625
451
228
29
662
1146
127
1479
591
66
43
346
126
220
480
280
52
98
276
281
913
586
109
756
94
59
814
19
290
134
79
451
131
189
173
43
97
146
68
101
2830
1094
458
456
74
55
62
2437
1045
767
392
354
111
445
1262
145
1798
351
158
371
562
444
52
677
226
130
126
549
207
594
363
293
121
149
811
150
149
368
65
69
1726
288
246
325
1399
267
862
498
165
204
506
1364
542
1185
281
173
152
276
308
1305
98
1369
881
32
225
209
30
145
255
228
216
336
1255
380
349
41
83
269
104
39
347
110
85
122
138
60
122
74
540
154
1670
111
550
503
397
480
911
104
158
158
3719
689
133
70
120
93
104
254
77
295
144
182
329
902
110
363
139
224
255
319
190
368
251
173
898
117
145
61
63
46
535
2908
75
383
368
851
1206
532
275
282
653
118
465
87
160
1084
87
211
21
277
1737
650
630
5088
92
138
241
117
177
1210
133
251
3264
1017
492
131
273
43
153
582
364
27
488
929
512
204
114
75
103
397
106
1144
448
115
84
198
120
1383
624
203
223
341
489
46
3173
176
168
320
224
212
270
967
96
175
256
196
182
858
1157
1609
3445
99
99
78
912
112
363
174
845
1148
742
3
341
277
668
481
432
501
495
108
134
161
255
163
218
282
929
2372
1934
316
720
324
1774
482
137
830
631
182
128
141
147
697
1428
1150
73
695
50
70
377
91
144
880
841
191
103
374
93
468
196
45
1829
261
1457
541
148
167
687
55
299
1559
2319
939
324
53
279
208
329
336
99
657
2423
87
536
270
447
605
1027
178
468
314
590
71
50
154
315
30
692
187
404
264
169
263
267
132
174
109
71
1391
1837
229
151
177
179
293
289
215
694
448
521
2120
1170
118
222
248
498
164
829
259
772
325
2108
334
1163
4039
296
945
821
854
280
679
929
624
151
163
566
506
539
961
1590
1094
136
757
568
2931
178
1081
111
1305
1454
60
729
134
874
135
183
1366
1085
126
357
449
398
704
240
561
117
78
345
753
346
81
998
787
462
261
251
1510
1602
279
654
739
194
736
134
1111
237
652
86
470
1508
367
239
143
90
145
848
128
332
533
169
151
113
318
103
156
330
377
790
1319
162
321
495
923
414
469
100
583
972
218
741
312
151
477
271
324
634
291
321
202
126
127
1173
301
64
511
123
295
538
127
165
682
463
806
541
164
1076
156
753
475
220
69
922
376
95
91
153
862
160
437
162
763
170
222
14
375
87
173
59
208
995
1030
181
906
482
2291
104
147
95
56
882
319
550
853
348
175
70
118
119
347
153
170
94
62
50
600
616
99
1169
536
764
137
61
579
169
3745
134
90
294
1062
388
130
901
130
59
147
443
708
83
78
899
85
617
162
560
209
812
56
542
157
955
195
707
157
897
595
326
146
134
136
618
455
191
1173
647
1177
237
90
286
1405
105
774
109
430
274
246
115
106
99
275
248
1292
291
1232
550
391
487
218
585
905
296
532
540
59
780
245
2449
194
117
2516
668
249
83
189
202
579
1243
396
288
363
52
213
2145
786
61
111
354
98
438
316
613
1326
279
179
360
255
580
123
1362
538
85
374
111
693
998
2215
85
1226
82
768
62
406
136
303
201
54
48
1821
50
1490
510
863
165
60
957
1161
287
206
594
88
1093
82
224
137
171
937
283
513
121
585
377
67
344
339
1036
138
392
827
172
274
398
1289
183
78
238
1492
386
1019
514
154
133
79
161
122
134
137
320
553
736
113
1276
844
57
456
28
1569
183
1794
118
651
472
524
142
209
125
227
821
181
640
219
83
316
465
1902
479
444
400
107
163
1074
152
1666
507
101
431
618
232
785
473
542
261
1859
119
990
238
311
1169
83
86
1175
154
75
156
597
219
89
483
1013
3313
872
638
202
923
96
849
46
129
1394
190
664
505
374
693
1312
832
98
164
149
878
99
213
65
344
1059
456
506
806
522
205
952
232
255
2944
265
140
222
781
710
580
167
320
241
225
21
118
2230
305
508
133
175
272
455
1008
78
186
490
162
99
214
488
165
358
274
275
1232
600
188
80
138
409
376
556
392
670
506
394
677
496
439
490
464
1128
328
717
891
142
747
538
12
306
532
440
122
613
1295
189
287
403
992
151
84
601
192
453
976
566
1177
1177
890
2903
255
371
95
2025
49
453
80
113
93
24
31
25
69
1419
172
333
295
395
193
272
182
870
57
125
194
486
298
293
538
63
54
113
1144
501
321
190
225
434
1047
207
892
906
316
104
1511
982
156
118
2189
1389
581
1195
52
247
924
308
773
1905
279
107
612
189
856
156
368
154
270
489
279
106
152
612
250
638
165
229
792
218
1040
367
148
194
201
372
4242
497
230
447
374
195
146
179
5793
189
94
336
193
128
246
304
133
435
297
905
90
164
2502
208
707
403
151
617
326
49
1266
331
282
265
72
188
259
523
1111
68
912
321
379
247
246
127
93
103
111
92
214
145
68
460
498
351
59
117
394
351
383
1204
147
93
256
1568
378
958
125
104
78
589
190
151
107
83
146
1661
113
427
163
516
758
160
663
122
386
65
203
48
108
101
84
178
184
119
67
121
705
161
1183
124
339
856
291
100
59
251
87
348
573
86
88
301
279
561
1209
375
81
383
1544
186
231
233
45
72
113
57
31
208
245
273
274
266
146
295
57
144
858
416
144
174
188
165
2255
1291
401
266
237
192
87
965
386
968
185
174
77
696
46
393
983
96
54
247
214
360
21
133
606
749
97
621
433
245
144
274
157
179
239
224
433
1284
389
1243
902
1089
373
220
165
641
679
775
694
332
405
1296
194
50
204
1355
442
231
157
196
156
190
298
353
204
99
117
7
112
155
280
106
328
173
120
212
151
215
219
156
341
626
1603
18
146
396
798
674
658
331
433
1099
106
323
1132
947
665
66
63
141
82
349
283
1098
61
1543
660
180
1674
638
1622
331
51
48
33
734
124
861
83
245
350
189
97
218
332
175
322
48
167
118
30
42
82
45
719
863
166
896
1166
47
778
272
742
632
252
786
691
247
135
965
456
182
357
176
346
650
528
140
192
465
640
1534
217
1232
180
3009
1182
92
162
447
233
1649
765
623
71
170
245
344
124
453
1107
346
860
153
525
1007
412
195
253
117
680
150
108
159
89
250
148
249
193
784
191
413
801
191
272
37
148
86
2093
243
1226
242
92
412
122
52
90
146
147
801
763
178
434
256
95
136
358
553
504
114
205
595
261
405
367
243
613
422
228
126
892
1278
461
871
1382
154
85
351
153
451
263
251
179
234
227
216
178
153
161
175
2940
488
225
1897
810
229
283
725
292
399
335
145
142
188
1274
1209
243
634
815
655
179
330
583
1124
7
7
7
7
7
7
7
7
7
7
2272
654
133
301
574
733
350
537
1453
31
59
7
7
601
400
1063
440
469
343
107
132
165
223
429
150
160
168
238
54
913
603
192
1784
241
200
366
54
499
25
1167
598
210
20
640
853
697
165
717
538
1107
1901
373
712
507
540
283
473
801
673
90
86
1022
156
137
413
2522
161
494
184
732
749
149
113
202
936
390
258
377
40
241
166
63
1343
255
55
549
171
107
402
580
1300
939
4646
617
166
183
857
159
655
875
564
413
1019
637
1086
535
839
44
175
60
190
99
404
343
318
336
75
628
102
189
49
40
1204
70
79
26
978
430
290
256
971
1583
218
230
773
735
887
204
104
354
113
233
969
35
80
416
488
157
239
178
174
160
523
97
210
97
183
275
117
458
149
89
172
211
522
175
1178
461
452
338
985
459
187
118
223
75
933
1245
1308
890
358
426
169
432
755
288
592
187
123
1590
222
68
85
146
511
580
573
949
93
408
159
57
1077
328
287
442
903
171
187
201
255
201
2090
1135
68
208
240
1149
778
71
147
122
272
992
602
1419
692
126
137
2033
150
72
99
45
57
46
42
45
365
778
1370
245
187
54
880
211
290
49
47
56
92
135
45
1436
187
172
863
62
528
146
12
12
12
12
242
175
126
252
617
473
712
571
110
829
115
165
172
1130
15
1323
313
246
414
878
807
1341
121
630
159
250
174
734
193
99
559
341
189
705
886
1048
241
377
292
676
535
180
98
59
909
441
562
649
256
497
286
531
1139
442
362
1375
33
415
479
102
176
106
217
227
228
265
11
1096
518
641
293
284
451
180
56
1518
1159
190
319
272
386
45
1276
223
7031
417
87
180
468
282
43
46
38
458
131
65
258
393
102
68
52
131
139
361
748
147
413
1493
376
527
87
960
47
141
1366
193
182
347
31
204
412
202
440
146
225
270
237
133
246
163
44
343
915
556
220
134
217
2816
126
173
235
772
645
1150
96
69
466
764
159
97
190
83
143
78
360
148
744
628
428
520
68
251
78
897
190
297
1223
845
206
91
233
1449
135
689
357
898
518
842
690
681
168
379
621
2271
47
138
113
222
163
1273
601
160
404
153
283
218
390
427
212
397
2939
23
111
241
75
193
471
279
674
181
231
226
37
938
44
426
315
177
181
769
595
261
1088
316
217
167
194
110
222
1169
354
533
144
209
364
496
433
219
434
1854
514
220
245
133
239
361
142
164
123
56
264
124
412
302
313
360
195
256
185
161
616
269
662
429
117
155
1070
140
1520
421
101
253
159
1845
585
71
340
1946
1474
5016
716
549
1390
255
80
286
938
275
727
171
716
175
642
1225
615
448
680
559
707
400
399
205
232
280
495
754
1828
394
78
254
187
140
686
1385
129
1304
221
86
1676
2042
272
797
361
492
337
662
29
1251
727
478
324
1056
83
227
723
243
749
120
149
137
868
94
66
392
130
116
859
61
206
294
268
388
35
42
302
1358
191
151
126
300
236
147
326
1388
137
1129
349
1623
124
87
571
899
423
433
198
622
166
512
644
163
445
154
348
41
540
434
70
76
794
29
12
404
569
2495
332
1007
523
412
54
53
8
498
2953
97
3948
370
1384
75
303
359
758
883
152
71
183
268
107
89
71
250
139
409
347
2565
169
66
1546
78
204
88
1431
394
765
351
19
169
1001
758
33
485
290
148
667
233
237
61
13
920
317
1064
730
590
102
299
274
219
1464
425
82
301
77
32
588
141
194
228
194
1911
112
135
74
70
193
74
130
291
1493
1788
768
509
339
509
6
801
5
11
200
395
190
161
371
90
206
159
291
1419
104
110
26
96
98
670
102
145
52
46
36
314
56
409
64
90
512
79
385
867
275
178
255
172
100
364
1782
370
1325
1220
75
43
242
325
456
100
793
311
70
1222
48
352
731
149
38
415
138
1768
193
203
476
78
105
1294
94
1623
974
128
254
90
167
547
92
1254
1109
61
184
342
267
369
306
26
656
121
614
162
543
251
1166
870
603
825
422
498
451
179
87
104
190
116
197
19
359
58
62
180
597
616
387
162
494
150
178
145
244
18
410
127
153
1818
955
668
655
376
343
561
655
465
211
249
644
704
141
59
171
671
284
563
591
394
350
109
1249
98
185
454
58
52
327
455
630
65
204
491
1250
124
661
246
458
225
232
737
805
254
535
606
159
136
412
124
151
269
26
156
409
222
94
332
493
584
1096
370
362
395
436
451
225
47
98
1567
765
143
217
1252
163
592
255
115
281
84
356
894
761
649
1478
155
2502
1343
33
51
248
1862
213
115
599
166
366
198
502
261
431
68
200
845
270
230
131
1521
109
237
119
193
2
1267
208
264
240
124
273
483
837
881
197
2712
19
26
56
713
55
323
95
740
923
793
287
981
396
336
369
264
1914
338
605
384
557
141
1968
1238
42
140
165
62
260
483
125
128
574
235
645
312
182
720
931
1563
28
566
54
139
185
66
103
150
179
140
452
81
161
324
2147
541
106
140
102
102
246
95
143
87
1317
1226
1053
2118
288
1509
823
116
406
336
315
290
118
237
87
125
84
73
144
86
333
145
284
230
321
190
918
229
1975
2263
191
430
294
49
2263
206
631
478
349
390
309
438
540
140
203
248
471
309
217
387
1158
194
255
1051
427
123
187
311
176
220
120
1074
759
273
256
106
310
152
171
730
83
192
189
83
3642
112
148
492
598
187
186
235
250
199
406
356
429
1152
1623
155
381
168
212
148
186
150
121
136
669
262
140
306
70
701
322
121
208
170
171
132
743
133
206
443
33
775
27
129
52
212
257
240
237
620
271
290
234
280
229
100
46
421
91
103
1380
91
491
412
191
193
273
221
1083
189
340
157
789
1271
50
839
971
226
190
1220
73
213
476
112
195
410
75
210
289
88
183
336
656
189
162
178
26
661
792
236
273
262
766
579
239
4336
233
21
273
356
105
313
734
285
431
345
159
1187
136
312
759
383
113
39
214
248
379
1906
2139
1311
120
1311
1159
230
839
115
2754
52
142
236
84
607
137
121
613
277
35
61
304
769
1293
568
187
141
2308
260
241
273
1083
119
150
424
235
80
451
267
260
146
389
176
251
220
147
261
198
232
500
139
384
260
149
350
222
97
99
144
92
558
263
63
443
978
714
179
678
107
240
101
226
133
1436
1528
1392
149
337
256
260
126
106
336
106
68
967
34
229
1853
152
245
509
213
172
63
968
134
70
117
97
207
170
44
870
1358
143
619
277
129
347
963
139
134
379
269
770
641
1512
169
115
120
77
258
1029
67
605
24
33
28
26
316
627
286
444
1043
87
584
615
83
391
278
588
229
177
180
1269
292
207
2617
91
107
231
252
108
109
612
552
1502
360
660
243
977
690
218
129
292
83
708
186
70
65
87
288
1499
172
893
239
55
521
2793
527
186
36
1225
241
360
156
210
195
268
170
173
896
207
866
476
67
67
81
101
634
122
90
105
155
259
488
105
376
342
21
641
18
1108
37
27
22
83
20
86
3101
439
590
675
107
18
181
183
15
420
526
622
791
429
491
39
1059
206
78
379
285
405
369
1899
25
636
26
27
276
745
26
29
1715
27
29
145
231
453
275
145
17
262
637
224
484
510
2887
615
361
335
466
238
217
323
233
286
701
310
531
420
876
807
720
265
2426
159
38
72
702
372
265
140
51
452
1141
93
143
226
492
730
701
727
495
568
917
906
1019
1030
939
127
193
996
927
208
572
316
59
142
548
569
24
1387
43
49
30
30
75
340
364
26
289
466
124
139
637
13
111
233
204
1446
115
929
89
91
218
303
325
418
13
691
585
806
65
1542
127
14
292
12
169
13
537
189
496
474
134
80
737
176
113
22
380
26
17
18
112
186
20
28
19
1048
222
657
1137
107
96
1837
23
12
652
167
39
154
214
47
102
1929
168
87
1066
485
1633
1640
96
1497
1188
135
82
137
171
509
74
256
3762
107
53
173
179
128
70
55
191
209
1500
834
654
215
1396
56
148
525
1853
209
1262
1351
125
681
705
163
1478
114
666
1306
294
274
38
470
949
569
98
29
524
446
171
90
77
352
359
649
64
1087
135
153
66
101
239
63
293
194
130
325
137
541
49
64
1447
109
217
738
50
102
31
55
91
507
773
588
881
141
213
141
247
135
868
432
28
200
568
99
70
337
799
158
247
159
178
18
149
211
123
148
371
177
91
76
710
27
24
53
662
389
34
177
91
132
653
273
116
1264
28
153
66
58
133
1252
405
474
235
66
178
85
624
334
29
166
115
158
64
119
647
109
291
194
104
200
255
83
126
86
274
69
428
395
343
20
130
16
352
1058
10
209
297
220
198
1430
377
456
190
382
521
42
141
139
55
43
556
112
194
93
68
17
1276
139
128
279
68
15
12
47
48
91
667
410
511
622
13
165
516
1698
641
14
677
23
880
1172
348
68
74
17
2858
1077
152
290
226
100
620
592
1690
85
13
344
107
530
333
786
17
1370
389
256
579
615
145
1069
523
257
280
1115
98
114
379
166
97
77
108
172
14
145
51
1501
117
58
13
1594
1102
472
84
1194
549
229
1127
155
549
707
21
234
18
468
249
893
351
110
164
445
741
776
196
102
108
944
1286
531
10
303
630
1069
29
1136
167
162
588
23
152
309
285
179
204
621
51
1132
162
11
711
32
94
112
272
342
66
87
18
91
57
65
46
722
595
95
420
314
1191
466
447
422
830
18
668
299
81
534
146
24
376
811
528
679
339
244
184
286
495
24
30
11
513
315
436
1363
109
93
297
369
664
358
110
165
296
232
186
137
799
802
187
216
1107
403
102
2430
136
365
898
79
319
333
22
160
593
342
190
209
480
762
800
300
23
124
134
490
234
124
547
270
203
280
299
210
1283
65
3698
100
966
232
1304
759
129
263
774
951
162
1137
215
180
173
1335
123
182
17
23
259
37
24
28
24
30
21
1471
66
1698
144
72
85
126
148
41
864
92
1297
922
570
318
563
66
188
159
116
418
183
1182
647
755
350
1173
464
479
249
504
310
994
474
182
1817
21
1085
19
224
213
267
535
166
100
130
62
240
40
6
83
150
2544
143
774
657
1206
160
64
20
674
607
24
158
154
987
125
265
738
316
13876
895
166
39
149
20
11
86
17
1014
504
30
42
40
623
780
114
118
139
104
16
167
641
191
61
163
703
189
458
832
68
198
575
228
7
85
91
37
168
1460
106
419
420
848
146
400
285
310
20
88
545
192
748
1146
312
686
248
271
93
713
1210
147
303
162
210
749
382
2755
133
435
108
60
204
317
726
153
165
193
151
211
1129
1149
116
217
25
184
646
481
281
428
284
167
68
72
126
1855
100
565
504
9784
171
1443
55
571
868
351
981
104
154
221
606
413
108
152
2006
326
806
107
116
30
417
165
122
96
667
181
273
542
150
49
863
236
197
1374
68
120
342
274
1752
53
347
465
1077
303
125
93
84
182
123
132
179
646
134
127
38
1199
843
2151
1032
141
282
115
105
1217
1198
71
246
74
142
989
530
252
198
281
3443
760
43
192
107
698
764
347
181
499
1335
192
243
547
98
168
1672
239
553
279
108
89
525
266
165
499
207
584
24
1138
20
38
58
57
65
73
158
42
464
60
148
80
528
55
60
68
415
80
80
30
72
61
73
54
2559
36
549
2403
92
56
74
56
42
79
51
71
918
76
48
88
34
91
58
89
478
67
132
81
1027
142
365
65
45
134
30
27
91
37
24
32
170
842
99
27
86
353
327
224
95
82
145
147
648
96
336
142
901
79
830
301
72
346
151
89
911
825
81
710
1971
213
977
2759
341
209
381
488
889
237
1120
535
144
73
539
793
63
594
147
177
890
160
77
108
3693
129
106
92
47
111
1389
183
79
150
421
197
846
480
204
240
217
65
91
162
837
191
115
3286
81
1300
186
1020
370
26
296
78
280
122
24
35
166
86
151
339
1249
754
286
705
99
858
95
265
175
264
565
88
193
113
40
244
112
20
167
113
39
252
43
172
115
382
84
407
353
631
21
177
298
22
123
310
170
186
556
209
599
107
244
578
166
915
125
90
131
730
176
760
294
2097
311
676
377
740
42
590
214
371
247
1212
849
163
1056
349
233
238
93
169
120
95
126
325
118
150
128
141
155
152
110
144
151
95
101
120
134
384
87
60
55
91
128
150
91
314
98
56
145
178
692
31
22
11
153
79
1515
121
23
269
591
1397
349
887
135
134
336
30
30
238
393
92
123
518
617
461
24
245
725
287
208
465
17
113
245
23
209
403
58
180
807
156
154
60
101
1146
506
316
3262
32
721
2149
61
60
313
138
973
51
169
300
242
580
55
20
39
318
155
476
54
314
336
86
55
40
52
947
859
247
66
10
104
200
418
347
460
92
187
164
75
808
126
93
78
61
498
353
599
181
777
1288
130
982
74
310
439
1048
69
221
415
185
101
78
134
439
211
154
224
1140
158
232
325
79
29
1442
456
44
275
627
2177
136
866
71
1182
168
313
164
448
367
375
674
121
1055
1630
86
392
138
869
57
53
153
225
109
2455
59
295
103
162
771
81
175
96
68
151
62
377
50
54
57
182
68
38
368
84
144
162
81
110
141
92
393
353
99
1737
810
44
84
598
164
96
601
159
94
155
90
131
365
894
767
105
187
56
25
28
99
131
61
73
63
74
135
113
164
104
61
207
80
65
982
218
344
96
223
966
206
460
58
445
376
77
392
610
112
105
1245
84
289
348
731
260
562
830
736
1188
298
584
899
116
544
98
1080
792
234
382
278
2692
37
77
35
1289
106
597
413
272
357
799
142
354
66
1696
32
296
149
263
317
784
38
82
208
2566
20
47
41
25
46
142
63
275
53
33
528
167
279
117
672
1095
1051
43
345
615
58
1057
222
265
682
491
432
67
74
238
411
1150
1105
1051
1511
1720
1318
87
30
565
140
358
38
242
498
441
700
131
104
227
672
199
155
966
763
169
29
46
1961
88
122
103
141
77
113
109
881
416
288
12
388
50
78
615
111
1199
1354
215
195
91
88
134
268
165
823
184
607
2643
936
62
112
710
253
702
174
124
266
314
137
162
207
160
598
59
161
167
170
147
88
110
67
53
121
688
349
321
755
1186
949
1309
900
882
165
834
302
237
113
623
578
606
225
535
885
2382
34
145
229
424
68
991
72
91
913
983
256
206
446
98
162
765
634
88
185
50
544
79
986
126
335
1056
56
516
107
1196
655
1103
175
186
342
281
440
463
778
59
67
221
633
51
696
1254
2187
88
442
50
5
105
1450
209
700
45
104
113
101
530
96
107
219
34
766
612
173
518
112
468
26
303
107
237
94
2877
81
1177
1008
132
41
43
51
37
172
39
98
230
62
539
246
883
415
34
164
36
228
103
923
413
230
378
333
139
155
1109
609
291
482
138
104
277
517
677
62
8
181
1991
281
217
667
24
597
119
49
791
698
1027
140
611
524
131
480
235
943
38
99
134
58
119
125
102
33
702
169
274
287
859
70
1272
4437
174
288
132
874
123
878
485
149
158
1167
162
1468
231
112
209
411
131
2899
489
780
425
648
939
754
87
54
3512
1754
589
84
657
54
90
128
420
318
240
1113
1713
402
847
234
70
169
68
89
538
494
7677
64
46
725
466
98
137
494
397
1584
84
230
128
131
181
67
328
89
366
595
214
402
52
55
267
80
100
296
251
685
299
91
597
390
88
245
1151
321
276
113
2296
460
397
200
135
101
323
103
1178
275
260
190
173
141
136
108
106
129
215
126
36
425
453
120
143
149
290
67
79
242
623
991
322
443
368
31
396
486
255
180
2197
433
46
25
691
413
2773
641
168
936
298
772
309
119
45
163
736
106
1114
807
414
273
580
173
151
375
173
53
1960
78
177
780
227
94
235
2747
213
228
235
971
1559
1048
2553
2793
153
64
185
114
225
5634
116
788
34
369
246
153
1955
131
812
519
1091
220
26
111
202
863
142
845
1239
120
996
637
99
691
210
535
228
346
107
117
281
715
97
138
101
578
45
481
162
111
62
96
836
872
244
439
73
484
66
1567
24
50
579
343
40
122
69
129
208
122
102
828
225
250
124
652
660
1943
443
223
37
53
69
95
297
24
70
218
729
85
962
115
794
100
644
1572
569
651
111
88
210
270
373
137
429
791
141
424
343
286
968
390
859
88
506
141
133
263
256
968
654
414
132
102
103
526
485
201
466
101
226
172
218
907
1309
118
785
885
218
40
146
1195
449
126
279
632
62
343
62
1044
133
784
2474
804
517
227
103
267
119
656
738
443
263
426
68
377
143
881
168
268
144
114
842
820
140
150
83
83
230
126
123
16
383
230
135
1014
247
148
159
440
62
209
45
318
326
512
674
349
490
1352
94
198
1047
258
159
114
47
35
90
717
343
290
330
137
1280
332
292
441
210
414
1014
155
293
756
305
12
219
190
175
223
277
1294
84
625
116
513
357
513
182
164
137
85
108
238
248
70
336
490
581
165
148
58
2227
351
1282
152
1002
659
103
86
479
499
101
170
120
69
192
732
374
116
365
897
1336
88
100
50
625
1043
592
149
2776
157
1590
228
256
870
146
137
95
254
76
102
571
405
317
43
51
107
318
927
550
358
170
64
110
537
842
579
847
1056
168
1422
873
480
226
1292
212
206
864
21
593
93
181
1824
323
186
791
3136
73
166
493
121
1427
1120
269
347
78
607
228
209
1167
870
263
90
107
126
717
355
1050
61
421
1009
546
2091
236
1766
179
1446
225
136
497
867
2183
234
593
276
341
80
261
407
396
355
477
113
36
823
345
909
74
150
779
701
305
429
120
354
178
708
102
72
323
490
998
74
1099
1342
79
397
173
446
219
53
1059
93
103
136
328
53
171
84
38
658
161
1352
312
435
62
1995
98
238
295
286
91
975
538
135
58
98
2479
173
2271
604
904
996
223
237
689
687
671
523
152
152
119
127
137
2116
877
189
1788
431
482
148
2045
69
56
680
224
887
1340
62
152
240
1954
668
372
421
155
148
205
379
20
66
74
108
167
121
368
921
840
220
263
76
591
206
110
287
463
876
150
1539
425
362
206
131
196
167
2246
502
510
139
589
174
176
60
59
725
221
219
95
839
185
65
209
220
193
53
152
1118
7
194
221
490
368
119
890
875
498
141
176
184
96
67
71
68
85
40
132
175
92
692
367
30
78
170
60
71
875
1197
1543
59
146
97
57
473
1769
35
1038
779
1083
160
890
556
151
96
1584
962
273
115
114
85
156
81
451
1271
178
98
300
146
495
1196
53
542
667
41
35
1832
531
85
1192
624
397
126
283
294
119
1694
112
1838
277
142
384
188
222
200
69
322
2170
355
95
622
539
162
40
388
58
66
1168
1131
789
63
529
776
2033
129
82
251
2220
495
6811
8151
525
100
202
185
263
826
172
265
476
168
158
192
278
77
69
110
752
114
222
579
1611
1039
540
763
1180
209
1282
131
149
514
135
292
231
205
652
249
500
1927
186
296
418
462
159
63
1344
94
393
1268
564
94
509
64
1669
209
935
317
233
252
81
382
180
190
445
172
43
189
59
190
1256
197
250
588
239
272
333
242
250
238
199
222
348
112
145
211
180
226
121
98
508
282
103
253
1745
50
1178
330
140
265
1408
107
318
341
273
64
735
2219
85
191
382
229
1032
162
1335
79
107
400
2234
316
1942
2698
511
1221
1004
430
104
191
130
293
388
227
755
107
783
924
2198
285
1154
1199
108
196
112
173
169
475
44
791
340
2347
989
1033
134
135
136
112
132
110
106
1351
133
231
139
144
339
101
146
196
45
379
264
89
15
158
178
218
392
241
166
235
525
973
1536
203
268
145
292
60
390
100
612
186
315
1656
84
1606
139
557
1636
111
84
1740
1377
113
173
189
207
265
2943
219
586
108
106
91
458
326
515
1347
84
710
117
61
960
109
1124
912
133
2105
1854
300
1078
143
197
325
190
203
148
714
107
41
316
151
165
868
398
234
1702
120
1099
486
389
20
572
611
70
102
543
683
680
472
211
386
240
122
472
358
353
727
709
3361
983
304
437
132
188
184
94
230
15
347
699
2283
101
389
254
1161
160
546
767
246
508
224
200
92
38
40
54
221
281
188
212
119
211
541
208
1458
1040
194
81
372
368
512
447
886
627
952
345
2170
515
634
56
795
322
137
308
1050
610
209
186
76
161
943
3214
71
84
262
228
245
699
86
419
126
323
448
224
1573
514
101
526
449
90
312
261
121
107
217
403
215
195
286
161
215
1568
217
225
1194
807
693
540
597
3252
48
892
230
447
1388
105
75
371
777
366
318
232
668
479
677
317
1328
500
358
313
693
88
273
210
48
366
719
628
214
1891
95
479
72
458
773
2778
581
199
999
259
109
253
136
391
2171
500
885
143
424
104
680
318
78
146
107
634
49
556
977
495
215
152
358
113
280
1005
404
662
451
547
374
194
468
1856
310
165
616
792
208
16
306
186
193
111
1933
539
299
539
9706
133
375
363
166
139
1295
511
328
230
121
1376
192
760
463
212
350
169
594
417
348
42
69
269
145
106
183
1273
56
660
143
624
53
105
1501
291
1192
167
463
687
144
159
572
381
138
322
1216
116
175
205
41
2251
647
25
160
178
320
84
169
694
77
60
76
125
547
68
60
1070
174
210
87
929
86
804
134
445
151
2916
250
163
4713
178
79
1768
326
2790
2215
553
97
333
108
36
273
196
1603
77
243
233
105
736
414
356
761
329
638
344
269
485
111
112
3239
503
47
43
215
76
769
2208
203
73
338
2120
164
391
639
86
217
225
2011
180
299
509
81
886
76
1842
809
224
988
46
1161
14
1060
598
124
938
44
45
110
163
100
37
49
142
892
137
64
65
116
244
176
64
733
644
143
129
63
272
688
81
575
189
856
133
490
888
191
207
324
174
142
80
1925
215
119
95
143
627
1193
201
1091
197
585
103
316
168
136
571
1116
136
186
1019
60
203
126
258
3086
324
114
82
1200
1777
241
680
743
316
615
244
256
165
149
152
172
99
301
1785
865
199
101
117
736
375
1237
144
72
85
704
122
581
47
94
480
216
87
577
147
200
585
870
683
324
271
147
604
118
55
280
596
239
150
77
573
122
483
108
124
335
803
512
266
129
1165
104
1009
969
251
296
678
314
239
238
199
167
737
149
131
96
54
250
2238
562
104
812
63
34
3264
597
991
192
107
171
450
481
1265
289
718
249
162
129
459
80
943
1225
1228
428
133
616
386
1587
76
432
140
2655
950
475
90
617
18
877
66
129
1641
973
304
2080
810
102
271
28
311
174
1253
170
171
382
1610
243
795
1185
300
316
557
50
591
150
452
673
159
162
647
91
158
424
1070
1526
917
163
134
99
195
382
70
105
66
986
623
211
712
77
211
293
2247
30
96
99
254
101
95
1041
1167
153
54
552
296
229
3735
275
324
666
288
628
1428
188
165
590
129
79
214
165
839
140
328
227
64
50
81
631
693
558
188
229
1092
152
346
416
1339
1007
273
3437
996
293
197
146
208
129
242
132
1105
282
78
74
236
202
330
465
1399
55
242
1022
3104
598
130
1511
740
546
3619
630
56
77
123
119
458
408
306
258
717
73
180
274
471
346
102
206
933
483
221
291
235
72
854
258
1424
105
1662
720
143
181
97
153
580
1567
171
1092
236
109
711
943
274
854
1399
232
35
196
181
188
236
288
125
2843
102
652
646
386
584
418
734
117
1042
555
126
454
258
822
487
144
3225
560
76
369
428
742
163
452
377
115
206
580
302
120
40
201
103
109
446
170
69
173
35
184
726
397
1892
349
99
222
371
390
553
197
169
377
634
310
293
126
123
181
127
803
719
1366
2136
694
1011
450
147
210
204
106
74
1118
241
57
109
122
394
1601
169
162
162
128
863
133
102
146
67
544
350
104
214
1427
57
106
1791
185
149
1230
126
342
193
387
89
24
1771
215
261
189
1234
141
259
85
112
68
55
69
163
87
136
157
922
100
134
47
76
390
111
708
201
101
68
445
400
167
63
758
142
330
153
342
2238
173
395
280
105
2095
375
183
378
553
1598
152
100
60
30
175
55
390
704
154
615
1373
211
1470
147
135
205
2782
61
507
175
579
593
80
57
636
579
148
187
242
3221
178
2193
553
1826
520
1016
705
651
582
101
1087
1345
288
84
106
33
43
689
1120
593
135
353
140
132
114
290
206
266
294
44
101
132
2916
1033
157
64
441
488
701
704
561
377
146
269
238
74
629
102
1237
42
696
106
188
104
159
263
748
109
238
244
1398
115
245
496
390
167
79
181
107
1094
100
750
1709
194
329
190
554
550
212
588
239
221
92
449
27
875
344
78
326
123
304
300
197
77
679
666
78
452
96
9
243
109
185
324
269
82
101
145
143
1642
288
226
267
169
177
218
953
153
149
168
89
208
431
1079
178
288
123
62
195
392
1370
59
71
150
370
67
842
73
184
62
266
53
103
87
1715
68
919
694
229
234
473
68
106
138
705
283
186
102
67
82
387
262
186
307
879
51
162
404
68
105
436
329
137
609
272
113
152
70
1779
545
897
183
534
123
859
253
807
140
99
44
121
1599
132
367
137
80
950
423
291
664
117
196
138
217
77
1720
970
152
49
267
3498
406
146
95
416
57
946
167
255
509
888
116
673
1804
1406
186
196
132
248
857
281
229
206
396
989
91
669
661
107
68
436
130
422
181
516
299
2397
519
135
143
1606
530
2428
560
591
257
2217
830
129
24
803
421
519
126
422
354
103
337
1120
111
140
604
35
80
733
105
153
199
27
1733
315
562
219
677
682
47
69
120
593
291
123
119
343
367
54
154
269
623
1313
153
216
172
38
61
16
266
608
1241
858
554
183
87
2296
1602
752
345
284
1457
165
2276
365
266
97
548
378
136
220
198
76
91
227
515
165
325
230
2225
86
1230
105
353
50
2266
2547
52
99
500
595
525
36
169
76
84
770
258
305
183
558
193
704
1325
676
1023
304
892
188
102
165
63
191
964
407
168
103
895
133
547
258
266
107
166
131
459
584
163
274
132
82
105
159
739
63
809
238
66
139
543
173
671
109
205
76
835
121
532
127
5
119
20
299
48
295
240
1497
543
289
148
15
126
66
118
190
26
176
243
86
691
110
2
165
89
349
497
54
562
432
102
387
196
208
754
102
285
139
147
191
56
211
772
395
121
344
1183
1287
825
462
174
108
312
84
152
415
360
835
396
181
339
1555
213
215
50
2517
4303
1626
106
137
1721
924
1909
525
127
327
3330
249
301
53
447
107
106
86
844
324
169
453
749
80
1211
187
256
187
164
87
213
475
55
185
1205
1235
202
294
74
189
589
556
300
236
109
365
245
187
761
71
736
911
751
231
92
211
331
378
1986
105
1294
1133
231
266
164
175
31
382
91
534
103
755
355
2088
149
1375
958
1633
1348
1928
81
296
688
171
603
99
363
48
86
164
219
204
90
1334
178
160
931
113
187
592
41
358
180
1326
811
677
160
55
1190
135
150
68
219
281
1648
650
46
134
331
579
114
1384
289
161
513
2
39
451
394
251
255
170
181
145
438
472
255
539
2064
364
205
341
375
125
1586
117
883
625
71
89
151
60
174
508
24
964
59
237
256
55
210
151
88
65
634
636
22
213
213
10
1367
1383
156
705
610
580
357
1566
614
625
55
185
69
30
834
301
200
687
41
409
56
166
100
147
164
577
85
501
23
205
368
413
224
82
142
878
502
79
334
79
115
134
842
130
343
957
271
409
61
158
825
142
245
159
506
877
75
117
179
634
113
345
534
487
19
259
208
28
436
555
441
280
135
30
125
433
973
137
208
161
192
844
93
162
63
294
151
350
1298
334
62
295
65
90
433
158
188
94
156
237
147
113
467
27
37
284
61
328
873
1297
1738
319
109
563
497
47
388
181
417
633
181
403
365
199
245
222
87
485
2467
1745
330
1181
113
96
434
317
396
1098
447
295
410
135
472
236
629
227
361
276
981
191
891
1025
590
523
147
103
171
5029
8
294
365
1248
277
473
1342
24
73
508
475
3
221
128
182
395
57
382
673
140
81
646
247
260
67
153
114
146
131
835
101
473
107
125
27
77
169
242
165
243
110
163
128
137
427
102
535
118
250
137
63
286
266
416
303
675
89
170
276
27
438
40
114
961
389
301
115
178
95
290
230
42
219
536
642
82
152
203
71
411
834
40
376
214
703
1507
758
173
750
269
313
1133
112
742
494
696
390
926
345
409
276
494
286
113
79
3247
91
1576
25
321
124
157
257
73
254
195
439
159
117
923
191
1259
106
96
116
857
756
270
342
761
774
17
65
62
370
1883
76
203
495
42
370
202
355
648
146
460
116
282
1494
61
1758
99
579
186
276
264
466
83
583
1152
927
1721
731
227
17
16
31
909
72
43
598
935
1119
401
461
68
988
1061
113
366
286
1028
2682
883
145
852
88
1668
154
119
322
67
2737
546
1820
193
27
96
144
210
87
133
231
358
1510
153
178
371
52
60
103
583
161
216
97
66
154
860
418
522
32
70
74
82
94
83
168
255
241
1677
208
277
558
63
106
670
238
1213
96
140
1263
156
139
429
57
212
92
276
226
139
64
1279
92
55
45
136
145
89
1562
1780
40
572
359
302
209
225
992
143
63
30
37
68
307
124
137
187
61
119
66
63
85
407
100
592
166
148
117
951
1953
355
76
461
714
125
1284
170
781
220
98
61
181
141
1408
62
118
47
184
474
1455
4299
155
261
856
647
85
84
36
42
463
557
402
377
134
260
63
707
412
81
93
193
90
59
90
332
760
893
96
292
1279
500
1065
187
367
209
352
561
105
242
294
214
204
209
741
1059
808
25
116
380
565
3092
629
352
327
235
374
106
122
1046
1126
106
4
489
63
45
336
361
117
161
82
202
1664
290
96
1540
1319
111
75
62
200
88
70
663
123
191
233
370
25
829
